timestamp_utc,branch_id,checkpoint_id,status_id,result,summary,source_density_contract_written,divergence_projector_identity_derived,projector_zero_signed,first_density_rows_filled,score_ready,claim_state,next_target,claim_allowed,valid_for_claim
2026-07-02T09:44:40+00:00,MTS_R2FR_Y5_QLOC_PPN_SOURCE_DENSITY_OR_PROJECTOR_ZERO_4140,4140,STATUS4140_0,QLOC_PPN_SOURCE_DENSITY_REDUCED_TO_DIVERGENCE_PROJECTOR_ZERO_OR_CURRENT_OVERLAP_BOUND,"4140 derives the source-density fork behind C_beta_qloc. The q_loc/D_A_grad source can be read directly from a parent-owned stress only if live Khat/Gamma adoption closes; otherwise the improvement branch reduces to a divergence current plus bulk/gauge remnants. Using the adjoint beta projector, a divergence source has zero beta projection only when the boundary term B_J and current-overlap I_J vanish. This gives a concrete next proof target rather than another generic missing-source note.",True,True,False,True,False,"no S_q00 numeric row, C_beta_qloc score, q_loc beta pass, total PPN pass, local-GR pass, Newton limit claim, or public evidence claim",4141 tracefree current-overlap zero or beta-density bound,False,False
